1 266.4014  27.909117 1 1 2002  1  1  0
2 266.1822  27.8751 1 1 2002  1  1  0
1 266.4014  27.909117 1 1 2002  1  1  0
2 266.1822  27.8751 1 1 2002  1  1  0
1 266.4014  27.909117 1 1 2002  1  1  0
2 266.1822  27.8751 1 1 2002  1  1  0
1 266.4014  27.909117 1 1 2002  1  1  0
2 266.1822  27.8751 1 1 2002  1  1  0
1 266.4014  27.909117 1 1 2002  1  1  0
2 266.1822  27.8751 1 1 2002  1  1  0
1 266.4014  27.909117 1 1 2002  1  1  0
2 266.1822  27.8751 1 1 2002  1  1  0
1 266.4014  27.909117 1 1 2002  1  1  0
2 266.1822  27.8751 1 1 2002  1  1  0
1 266.4014  27.909117 1 1 2002  1  1  0
2 266.1822  27.8751 1 1 2002  1  1  0
1 266.4014  27.909117 1 1 2002  1  1  0
2 266.1822  27.8751 1 1 2002  1  1  0
1 266.4014  27.909117 1 1 2002  1  1  0
2 266.1822  27.8751 1 1 2002  1  1  0
1 266.4014  27.909117 1 1 2002  1  1  0
2 266.1822  27.8751 1 1 2002  1  1  0
1 266.4014  27.909117 1 1 2002  1  1  0
2 266.1822  27.8751 1 1 2002  1  1  0
1 266.4014  27.909117 1 1 2002  1  1  0
2 266.1822  27.8751 1 1 2002  1  1  0
1 266.4014  27.909117 1 1 2002  1  1  0
2 266.1822  27.8751 1 1 2002  1  1  0
1 266.4014  27.909117 1 1 2002  1  1  0
2 266.1822  27.8751 1 1 2002  1  1  0
1 266.4014  27.909117 1 1 2002  1  1  0
2 266.1822  27.8751 1 1 2002  1  1  0
1 266.4014  27.909117 1 1 2002  1  1  0
2 266.1822  27.8751 1 1 2002  1  1  0
1 266.4014  27.909117 1 1 2002  1  1  0
2 266.1822  27.8751 1 1 2002  1  1  0
1 266.4014  27.909117 1 1 2002  1  1  0
2 266.1822  27.8751 1 1 2002  1  1  0
1 266.4014  27.909117 1 1 2002  1  1  0
2 266.1822  27.8751 1 1 2002  1  1  0
